lweA: 90,45
lweb: 90
lwes: 45
90
[1 0 1 0 -1 0 0 1 0 0 1 1 0 0 0 0 0 0 0 0 0 0 0 -1 -1 1 0 0 0 -1 0 -1 0 0 0 0 -1 1 -1 0 0 1 0 1 0 -1 0 -1 0 0 0 0 1 0 0 0 1 1 -1 0 -1 0 1 0 1 1 -1 1 -1 0 0 -1 1 -1 -1 -1 0 0 -1 0 -1 1 0 -1 0 0 0 1 -1 1]
norm: 6.40312
bound: 4.74342
