lweA: 120,60
lweb: 120
lwes: 60
120
[0 1 -1 0 0 0 0 0 1 1 1 0 0 0 -1 1 -1 -1 0 0 -1 0 0 -1 0 1 0 0 0 0 0 0 0 0 1 1 1 1 0 0 1 0 0 0 1 0 0 1 -1 0 -1 0 0 1 -1 -1 -1 1 1 0 0 1 -1 1 0 -1 1 -1 1 -1 0 0 -1 0 0 -1 0 -1 1 -1 0 1 0 0 0 0 -1 1 0 1 -1 1 1 1 -1 -1 0 0 0 1 0 0 1 1 0 0 -1 -1 1 0 1 -1 0 1 0 0 0 1 0 0]
norm: 7.74597
bound: 5.47723
