lweA: 160,80
lweb: 160
lwes: 80
160
[0 0 0 -1 -1 -1 -1 1 0 0 0 -1 0 0 1 0 1 0 0 -1 0 1 0 -1 -1 1 -1 0 -1 1 0 0 1 1 0 1 -1 1 0 -1 0 1 0 0 1 1 0 -1 -1 0 -1 1 1 0 1 0 -1 1 0 0 0 0 0 -1 0 0 -1 0 0 1 0 -1 1 1 0 0 0 -1 0 0 1 1 -1 1 0 -1 0 0 -1 1 0 1 0 1 -1 0 0 0 1 0 1 0 1 -1 1 0 0 0 0 -1 -1 -1 0 0 -1 0 -1 0 -1 0 -1 0 0 0 0 0 -1 0 1 -1 0 -1 -1 0 0 0 0 -1 1 1 0 0 -1 -1 1 0 -1 1 0 0 0 -1 0 -1 0 0 -1 0 0 0]
norm: 8.83176
bound: 6.32456
